0.4201448779352206
0.41579433893590395
0.4151213631483187
0.41282489059353156
0.4117979792123648
0.41169874191516637
0.41013260108686633
0.40564261935468754
0.40062176965275265
0.4005235233112245
0.3999646450989206
0.3988477356927951
0.3960424355831597
0.3909273103909731
0.38968555068368727
0.3890586607097358
0.3882915472363825
0.38814436708265204
0.38778034162957425
0.38723695461508284
0.38699931625624473
0.3869896323012626
0.3839417286348289
0.38393125820375307
0.3829226571025969
0.3820109393251608
0.38148611417071654
0.3810419611543902
0.3808951756686541
0.3803577073861556
0.3802947044246293
0.38029060840375434
0.3797521582104625
0.3792317819928257
0.3783726838337554
0.3779718007070937
0.37774099087307433
0.37731223076507936
0.37716878657208286
0.3768763319356172
0.37667054719408605
0.37659876031329975
0.3759233954671185
0.37558648956536966
0.37548465979222173
0.3752875579962235
0.3750805274783476
0.3743284215968612
0.3743094843090858
0.3740093076791057
0.37395118430432406
0.3733614793738391
0.37236205592528077
0.3719627628529708
0.37152553002664257
0.3712148080644763
0.3709629560577998
0.3708224104926641
0.3704547351132036
0.3703420593266818
0.36846234412005885
0.36830232103672556
0.36766897930468323
0.36745173600253633
0.36738802726566144
0.3673830883286608
0.3670788535542182
0.3667425310916283
0.36673835513367814
0.36666236339740216
0.36633797291288117
0.365467174932746
0.36507784507336155
0.3648700712210195
0.36475985278136974
0.3647431788263529
0.36404717684075016
0.36311840204792534
0.36259273185957647
0.3608561679932665
0.3604068524015393
0.3603384220384898
0.3600417072742917
0.3596054683722121
0.35858392896154695
0.35817446569847383
0.35795644433801144
0.3574708022644967
0.3572942651482428
0.356099303950456
0.3560963626352267
0.35596908377545716
0.3558481705615031
0.3553227192859816
0.3552176070395083
0.35517620630107516
0.35473222905197266
0.3546051097558837
0.3540521263748902
0.3540255078119262
0.35368263254709226
0.3533925927247291
0.3533544233911681
0.3531421096401918
0.35311828866637784
0.35296124694705583
0.3528521059322164
0.35257406972259026
0.35247051130099916
0.3519488138480877
0.35137669954772516
0.3509641802402157
0.3508897357469317
0.35087979678376974
0.35073237651613215
0.3507270060006083
0.3503352517434254
0.3500585780990997
0.3499864173789427
0.3499600601679943
0.3499227150936911
0.34976418889209204
0.3491613981491937
0.34909068539257154
0.3489774897720416
0.3487956621782699
0.34852769046625875
0.34840512603088447
0.34815206882151195
0.3465234223754327
0.34607355604308376
0.34560660354199346
0.34555138726131596
0.34497832459416955
0.3448630558305868
0.3445281276234323
0.3443438824245482
0.3440950499973307
0.34392565313214885
0.34337461794626434
0.34303406493064514
0.3426152488018845
0.3423327731757525
0.3421459560342096
0.342109908522081
0.34201512648010535
0.3420064384567051
0.3419208471008116
0.34138494253221857
0.3411208413739605
0.3410127498850912
0.3407882455068124
0.34044501510774866
0.3403024494060561
0.34024582534695114
0.33988119953707385
0.3388273562357569
0.33874866357149075
0.3378980178260408
0.33789129669793716
0.3378807217525157
0.3377600136283541
0.3368949161183274
0.3362950811129194
0.3361441084702871
0.3360650887781781
0.3359147105979351
0.3357114030840774
0.33549946306728495
0.3348655628896238
0.3346232105143939
0.3343536330581288
0.3342990465768668
0.33426791370992215
0.3338861115266722
0.3338286434801658
0.3336971932428602
0.33354380765752156
0.3325104727854479
0.3319361317540975
0.3319260589527126
0.33159057188999663
0.3313914941146158
0.3312080018831747
0.3311620870203488
0.3311255297181914
0.33031888200653386
0.32986195324471523
0.32974033860616525
0.32949402689071833
0.3283802609105942
0.3283801062441809
0.32775514508841297
0.32751333062270543
0.32745482647607016
0.3267723008155333
0.3266531632251895
0.32652686550426546
0.3262227558915128
0.3258429318252277
0.32540048594403453
0.32400346589360113
0.32346686325896107
0.3227455036677235
0.32273691250850656
0.32228357595785206
0.32213855308698514
0.32209727294243345
0.3213335781626472
0.32131226977886546
0.32095748688733894
0.3199247494542532
0.3194226244754864
0.31857673550923443
0.3184933870987326
0.3182217202011143
0.31739694569217336
0.3173398613309161
0.3172068380793037
0.3169301200961136
0.3161871777661916
0.3147518778262908
0.3135026148604525
0.31340354906928025
0.31261022702813057
0.31203767459329507
0.31182736936812894
0.31169624577620453
0.3113120312062737
0.3111171823026932
0.3107170139445071
0.31056841482526043
0.31021401835582263
0.3090084271981314
0.30862461355136067
0.3076362583016034
0.3075198117051403
0.30682333199328593
0.3061476842497117
0.30587807470900497
0.3057625718004296
0.3051276977165839
0.3043114648759439
0.3038959692953881
0.30240267808320526
0.3018796966612586
0.30112683565536735
0.3009032366864063
0.3000901674716028
0.29954738815918713
0.2995067593516781
0.29923960463492194
0.29920178173965406
0.29864649802667537
0.298425678841392
0.29627608368360203
0.2951921529719682
0.29514919811816676
0.2949629823729773
0.29415601825992743
0.29400843418015776
0.2937008831971992
0.29158358541585194
0.29030022964845903
0.28967704290295493
0.28924473444234333
0.28774598889717445
0.28772938442607787
0.2865071954039841
0.2828103811496806
0.28146176949024726
0.2797691409836593
0.27751859627699693
0.27616000286016
0.2742493403117617
0.27292207408268654
0.27073850425720636
0.2655764300088618
0.2598327469880463
0.25297255682166464
0.24672987279172212
0.2449879284629824
0.24459864365510606
0.24008338236423224
0.2400731465827596
0.23397906015568096
0.23077449019976
0.22947522300412482
0.22919322639639872
0.227812613635875
0.21966900136236545
0.1973898974464628
0.19682725823904354
0.19417143072264262
0.19206923354294175
0.17833848759075704
0.17105319994160406
0.162195315859943
0.1531730781477593
0.12502383703920747
